88
350
158
250
94
68
150
388
359
376
86
295
140
327
336
299
145
34
30
298
66
60
274
159
300
304
399
203
95
39
257
61
173
373
186
297
272
331
332
183
338
152
82
180
401
44
73
206
347
386
43
356
132
98
284
50
33
247
368
378
93
19
202
51
278
105
111
92
252
12
160
75
344
396
313
258
108
264
129
265
216
121
342
214
1
120
172
361
276
157
233
322
130
398
10
32
235
365
267
154
188
283
147
56
261
27
72
402
222
387
198
339
311
136
139
189
323
303
310
187
126
77
289
220
146
0
103
377
36
325
182
392
370
334
263
242
193
175
275
380
20
167
254
204
54
181
171
166
234
357
209
65
70
52
134
76
85
124
178
228
397
89
153
390
57
122
22
17
391
69
9
318
286
269
83
307
26
123
238
78
142
366
241
162
316
125
375
185
287
253
49
5
351
215
262
176
117
2
207
341
91
25
211
28
71
16
41
199
317
219
74
128
144
244
102
31
285
169
155
213
230
259
194
81
109
231
135
279
227
64
221
337
37
118
358
84
195
229
40
143
237
58
96
385
191
277
340
200
63
13
290
177
104
14
23
190
293
288
119
330
11
326
6
161
246
168
369
97
46
226
329
320
59
148
212
55
67
268
7
223
225
196
133
249
80
353
355
156
321
324
292
383
333
352
273
205
315
245
114
281
395
346
301
99
170
382
48
335
15
141
381
270
53
218
266
4
201
302
192
3
151
256
208
127
308
24
163
364
101
164
363
110
18
42
115
197
112
138
360
296
271
389
312
241
162
316
125
375
185
287
253
49
5
351
215
262
176
117
2
207
341
91
25
211
28
71
16
41
199
317
219
74
128
144
244
102
31
285
169
155
213
230
259
194
81
109
231
135
279
227
64
221
337
37
118
358
84
195
229
40
143
362
